version https://git-lfs.github.com/spec/v1
oid sha256:8b3b7436a673b70d69ae2769e34f0fce5477dea671066602fc45a3d6d663a56f
size 6110470
